raw: 0.36309
lower: 0.354625
intersect: 0.353949
