Simple meteor:
  Tuned: 
    Raw: 0.522316
    Tokenized: 0.527579
      Lower: 0.526087
